{
 "cells": [
  {
   "cell_type": "code",
   "execution_count": 1,
   "id": "f9d2d150-ad26-415f-b6dd-2c944632451a",
   "metadata": {},
   "outputs": [],
   "source": [
    "# PCA\n",
    "import numpy as np\n",
    "import pandas as pd\n",
    "import matplotlib.pyplot as plt"
   ]
  },
  {
   "cell_type": "code",
   "execution_count": 4,
   "id": "06b2f8a7-f53f-43df-a7f0-f5e07db677b5",
   "metadata": {},
   "outputs": [
    {
     "name": "stdout",
     "output_type": "stream",
     "text": [
      "Orignal Data: \n",
      " [[2.7 2.4 0.5]\n",
      " [0.5 0.7 2.2]\n",
      " [2.2 2.9 2.9]\n",
      " [1.9 2.2 3.1]]\n"
     ]
    }
   ],
   "source": [
    "data = np.array([\n",
    "    [2.7, 2.4, 0.5],\n",
    "    [0.5, 0.7, 2.2],\n",
    "    [2.2, 2.9, 2.9],\n",
    "    [1.9, 2.2, 3.1]\n",
    "])\n",
    "\n",
    "print(\"Orignal Data: \\n\", data)"
   ]
  },
  {
   "cell_type": "code",
   "execution_count": 7,
   "id": "cddb79cf-4271-479f-9645-60025beb21d9",
   "metadata": {},
   "outputs": [
    {
     "name": "stdout",
     "output_type": "stream",
     "text": [
      "Standardized Data: \n",
      " [[ 0.92793267  0.36961751 -1.41774469]\n",
      " [-1.40515519 -1.42566752  0.02116037]\n",
      " [ 0.39768543  0.89764251  0.61365069]\n",
      " [ 0.07953709  0.1584075   0.78293363]]\n"
     ]
    }
   ],
   "source": [
    "mean = np.mean(data, axis = 0)\n",
    "std_dev = np.std(data, axis = 0, ddof = 1)\n",
    "z = (data - mean)/std_dev\n",
    "print(\"Standardized Data: \\n\", z)"
   ]
  },
  {
   "cell_type": "code",
   "execution_count": 8,
   "id": "a32425b9-2716-4595-94ff-fd1b80f64acf",
   "metadata": {},
   "outputs": [
    {
     "name": "stdout",
     "output_type": "stream",
     "text": [
      "Covariance Matrix: \n",
      " [[ 1.          0.90528097 -0.34633101]\n",
      " [ 0.90528097  1.          0.04022353]\n",
      " [-0.34633101  0.04022353  1.        ]]\n"
     ]
    }
   ],
   "source": [
    "cov_matrix = np.cov(z.T)\n",
    "print(\"Covariance Matrix: \\n\", cov_matrix)"
   ]
  },
  {
   "cell_type": "code",
   "execution_count": 9,
   "id": "bd134a8a-a261-41b8-89db-7e66d32cd91b",
   "metadata": {},
   "outputs": [
    {
     "name": "stdout",
     "output_type": "stream",
     "text": [
      "\n",
      "Eigen values: \n",
      " [0.01676598 1.95641253 1.02682149]\n",
      "\n",
      "Eigen vectors: \n",
      " [[-0.70187417  0.71162889 -0.03093501]\n",
      " [ 0.65744212  0.66392059  0.35634157]\n",
      " [-0.27412135 -0.22976897  0.93384351]]\n"
     ]
    }
   ],
   "source": [
    "eigenvalues, eigenvectors =  np.linalg.eig(cov_matrix)\n",
    "print(\"\\nEigen values: \\n\", eigenvalues)\n",
    "print(\"\\nEigen vectors: \\n\", eigenvectors)"
   ]
  },
  {
   "cell_type": "code",
   "execution_count": 10,
   "id": "b3104da1-bbfb-4fb5-80d8-ac3f15af00c8",
   "metadata": {},
   "outputs": [
    {
     "name": "stdout",
     "output_type": "stream",
     "text": [
      "\n",
      " Sorted Eigen Values: \n",
      " [1.95641253 1.02682149 0.01676598]\n",
      "\n",
      " Sorted Eigen Vectors: \n",
      " [[ 0.71162889 -0.03093501 -0.70187417]\n",
      " [ 0.66392059  0.35634157  0.65744212]\n",
      " [-0.22976897  0.93384351 -0.27412135]]\n"
     ]
    }
   ],
   "source": [
    "sorted_index = np.argsort(eigenvalues)[::-1]\n",
    "eigenvalues = eigenvalues[sorted_index]\n",
    "eigenvectors = eigenvectors[:, sorted_index]\n",
    "print(\"\\n Sorted Eigen Values: \\n\", eigenvalues)\n",
    "print(\"\\n Sorted Eigen Vectors: \\n\", eigenvectors)"
   ]
  },
  {
   "cell_type": "code",
   "execution_count": 2,
   "id": "c031d041-4f85-4202-a8c1-9138d33982c1",
   "metadata": {},
   "outputs": [
    {
     "ename": "NameError",
     "evalue": "name 'plt' is not defined",
     "output_type": "error",
     "traceback": [
      "\u001b[31m---------------------------------------------------------------------------\u001b[39m",
      "\u001b[31mNameError\u001b[39m                                 Traceback (most recent call last)",
      "\u001b[36mCell\u001b[39m\u001b[36m \u001b[39m\u001b[32mIn[2]\u001b[39m\u001b[32m, line 1\u001b[39m\n\u001b[32m----> \u001b[39m\u001b[32m1\u001b[39m fig = \u001b[43mplt\u001b[49m.figure(figsize=(\u001b[32m14\u001b[39m,\u001b[32m6\u001b[39m))\n\u001b[32m      2\u001b[39m ax1 = fig.add_subplot(\u001b[32m121\u001b[39m, projection=\u001b[33m'\u001b[39m\u001b[33m3d\u001b[39m\u001b[33m'\u001b[39m)\n\u001b[32m      3\u001b[39m ax1.scatter(Z[:, \u001b[32m0\u001b[39m], Z[:, \u001b[32m1\u001b[39m], Z[:, \u001b[32m2\u001b[39m], color=\u001b[33m'\u001b[39m\u001b[33mblue\u001b[39m\u001b[33m'\u001b[39m)\n",
      "\u001b[31mNameError\u001b[39m: name 'plt' is not defined"
     ]
    }
   ],
   "source": [
    "fig = plt.figure(figsize=(14,6))\n",
    "ax1 = fig.add_subplot(121, projection='3d')\n",
    "ax1.scatter(Z[:, 0], Z[:, 1], Z[:, 2], color='blue')\n",
    "ax1.set_title(\"Original Standardized 3D Data\")\n",
    "ax1.set_xlabel(\"Feature 1\")\n",
    "ax1.set_ylabel(\"Feature 2\")\n",
    "ax1.set_zlabel(\"Feature 3\")\n",
    "ax2 = fig.add_subplot(122)\n",
    "ax2.scatter(Z_pca[:, 0], Z_pca[:, 1], color='red')\n",
    "ax2.set_title(\"Data projected onto 2 Principal Components\")\n",
    "ax2.set_xlabel(\"PC1\")\n",
    "ax2.set_ylabel(\"PC2\")\n",
    "ax2.grid(True)\n",
    "plt.tight_layout()\n",
    "plt.show()"
   ]
  },
  {
   "cell_type": "code",
   "execution_count": null,
   "id": "e448ec7d-45f3-49a7-93cc-a1d1065e2127",
   "metadata": {},
   "outputs": [],
   "source": []
  }
 ],
 "metadata": {
  "kernelspec": {
   "display_name": "base",
   "language": "python",
   "name": "python3"
  },
  "language_info": {
   "codemirror_mode": {
    "name": "ipython",
    "version": 3
   },
   "file_extension": ".py",
   "mimetype": "text/x-python",
   "name": "python",
   "nbconvert_exporter": "python",
   "pygments_lexer": "ipython3",
   "version": "3.13.5"
  }
 },
 "nbformat": 4,
 "nbformat_minor": 5
}
